images/p20/1.jpg 1 168 423 419 221
images/p20/10.jpg 1 162 608 133 75
images/p20/11.jpg 1 287 608 132 75
images/p20/12.jpg 1 596 714 156 82
images/p20/13.jpg 1 254 591 313 178
images/p20/14.jpg 1 422 347 311 168
images/p20/15.jpg 1 223 386 323 171
images/p20/16.jpg 1 136 599 225 121
images/p20/17.jpg 1 394 405 259 136
images/p20/18.jpg 1 69 487 332 179
images/p20/19.jpg 1 320 351 257 127
images/p20/2.jpg 1 183 449 286 156
images/p20/20.jpg 1 271 496 310 169
images/p20/21.jpg 1 296 444 340 182
images/p20/22.jpg 1 367 489 267 135
images/p20/23.jpg 1 411 459 237 119
images/p20/24.jpg 1 240 552 274 148
images/p20/25.jpg 1 291 392 313 159
images/p20/26.jpg 1 129 424 309 162
images/p20/27.jpg 1 244 512 270 141
images/p20/28.jpg 1 279 455 254 138
images/p20/29.jpg 1 164 384 234 133
images/p20/3.jpg 1 118 325 304 160
images/p20/30.jpg 1 212 499 361 190
images/p20/31.jpg 1 236 474 303 162
images/p20/32.jpg 1 178 545 334 183
images/p20/33.jpg 1 167 412 425 239
images/p20/34.jpg 1 305 525 234 119
images/p20/35.jpg 1 320 233 324 179
images/p20/36.jpg 1 200 466 377 213
images/p20/37.jpg 1 285 511 304 182
images/p20/38.jpg 1 249 505 268 147
images/p20/39.jpg 1 280 558 216 121
images/p20/4.jpg 1 213 408 359 191
images/p20/40.jpg 1 296 565 225 127
images/p20/41.jpg 1 212 461 374 198
images/p20/42.jpg 1 162 441 441 237
images/p20/43.jpg 1 424 412 328 164
images/p20/44.jpg 1 229 415 378 209
images/p20/45.jpg 1 169 397 471 251
images/p20/46.jpg 1 370 323 334 178
images/p20/47.jpg 1 198 511 342 181
images/p20/48.jpg 1 79 385 618 325
images/p20/49.jpg 1 379 328 342 178
images/p20/5.jpg 1 151 394 304 165
images/p20/50.jpg 1 264 412 283 148
images/p20/51.jpg 1 155 444 443 225
images/p20/52.jpg 1 118 460 472 248
images/p20/53.jpg 1 15 476 743 403
images/p20/54.jpg 1 328 432 445 229
images/p20/6.jpg 1 148 394 225 130
images/p20/7.jpg 1 126 430 289 156
images/p20/8.jpg 1 234 409 158 81
images/p20/9.jpg 1 204 371 148 79
images/p20/dod1.jpg 1 26 28 189 91
images/p20/dod2.jpg 1 712 143 277 140
images/p20/dod3.jpg 1 308 229 117 58
images/p20/dod4.jpg 1 64 400 193 95
images/p20/dod5.jpg 1 81 84 316 157
images/p20/dod6.jpg 1 421 148 318 151