images/p100/1.jpg 1 123 578 531 262
images/p100/10.jpg 1 116 525 494 249
images/p100/11.jpg 1 247 626 381 199
images/p100/12.jpg 1 118 544 471 234
images/p100/13.jpg 1 105 439 547 267
images/p100/14.jpg 1 93 411 536 267
images/p100/15.jpg 1 197 489 478 237
images/p100/16.jpg 1 118 516 343 173
images/p100/17.jpg 1 52 595 312 158
images/p100/18.jpg 1 86 412 615 286
images/p100/19.jpg 1 97 405 582 282
images/p100/2.jpg 1 101 402 509 248
images/p100/20.jpg 1 92 597 395 205
images/p100/21.jpg 1 177 660 404 179
images/p100/22.jpg 1 191 483 313 157
images/p100/23.jpg 1 170 718 435 212
images/p100/24.jpg 1 125 497 538 267
images/p100/25.jpg 1 142 553 537 264
images/p100/26.jpg 1 132 488 578 291
images/p100/27.jpg 1 170 530 425 215
images/p100/28.jpg 1 158 416 443 224
images/p100/29.jpg 1 277 600 230 115
images/p100/3.jpg 1 120 583 493 236
images/p100/30.jpg 1 210 508 285 134
images/p100/31.jpg 1 235 410 281 139
images/p100/32.jpg 1 203 620 443 230
images/p100/33.jpg 1 322 438 307 137
images/p100/34.jpg 1 65 398 667 302
images/p100/35.jpg 1 305 644 213 105
images/p100/36.jpg 1 315 590 216 116
images/p100/37.jpg 1 186 437 367 184
images/p100/38.jpg 1 187 495 402 185
images/p100/39.jpg 1 106 480 484 254
images/p100/4.jpg 1 80 501 558 276
images/p100/40.jpg 1 343 541 194 95
images/p100/41.jpg 1 43 483 643 327
images/p100/42.jpg 1 185 508 333 162
images/p100/43.jpg 1 141 333 564 274
images/p100/44.jpg 1 157 624 381 231
images/p100/45.jpg 1 181 520 386 198
images/p100/46.jpg 1 121 516 542 274
images/p100/47.jpg 1 146 602 477 249
images/p100/48.jpg 1 233 480 394 195
images/p100/49.jpg 1 267 453 306 159
images/p100/5.jpg 1 125 430 478 244
images/p100/50.jpg 1 261 465 314 156
images/p100/51.jpg 1 304 256 263 115
images/p100/52.jpg 1 29 319 340 171
images/p100/53.jpg 1 78 150 295 154
images/p100/54.jpg 1 176 771 434 214
images/p100/55.jpg 1 28 503 376 184
images/p100/56.jpg 1 126 150 513 246
images/p100/57.jpg 1 425 343 289 136
images/p100/58.jpg 1 448 354 153 74
images/p100/6.jpg 1 243 342 378 191
images/p100/7.jpg 1 140 428 500 254
images/p100/8.jpg 1 116 478 482 240
images/p100/9.jpg 1 78 466 593 297
