images/p20/1.jpg 1 172 427 413 204
images/p20/10.jpg 1 163 615 131 59
images/p20/11.jpg 1 289 615 128 61
images/p20/12.jpg 1 596 714 154 77
images/p20/13.jpg 1 256 598 309 156
images/p20/14.jpg 1 426 361 303 143
images/p20/15.jpg 1 223 391 319 161
images/p20/16.jpg 1 136 600 220 114
images/p20/17.jpg 1 396 408 256 127
images/p20/18.jpg 1 73 494 326 157
images/p20/19.jpg 1 322 352 253 120
images/p20/2.jpg 1 187 454 280 140
images/p20/20.jpg 1 272 507 307 153
images/p20/22.jpg 1 369 490 264 130
images/p20/23.jpg 1 410 460 236 116
images/p20/24.jpg 1 243 554 269 141
images/p20/25.jpg 1 297 399 304 145
images/p20/26.jpg 1 133 432 305 152
images/p20/27.jpg 1 244 512 270 141
images/p20/28.jpg 1 279 455 254 138
images/p20/29.jpg 1 164 384 234 133
images/p20/3.jpg 1 121 332 297 145
images/p20/30.jpg 1 212 499 361 190
images/p20/31.jpg 1 236 474 303 162
images/p20/32.jpg 1 178 545 334 183
images/p20/33.jpg 1 167 412 425 239
images/p20/34.jpg 1 305 525 234 119
images/p20/35.jpg 1 320 233 324 179
images/p20/36.jpg 1 200 466 377 213
images/p20/37.jpg 1 285 511 304 182
images/p20/38.jpg 1 249 505 268 147
images/p20/39.jpg 1 280 558 216 121
images/p20/4.jpg 1 224 422 345 168
images/p20/40.jpg 1 296 565 225 127
images/p20/41.jpg 1 212 461 374 198
images/p20/42.jpg 1 162 441 441 237
images/p20/43.jpg 1 424 412 328 164
images/p20/44.jpg 1 229 415 378 209
images/p20/45.jpg 1 169 397 471 251
images/p20/46.jpg 1 370 323 334 178
images/p20/47.jpg 1 198 511 342 181
images/p20/48.jpg 1 79 385 618 325
images/p20/49.jpg 1 379 328 342 178
images/p20/5.jpg 1 157 404 296 147
images/p20/50.jpg 1 264 412 283 148
images/p20/51.jpg 1 155 444 443 225
images/p20/52.jpg 1 118 460 472 248
images/p20/53.jpg 1 15 476 743 403
images/p20/54.jpg 1 328 432 445 229
images/p20/6.jpg 1 150 405 216 113
images/p20/7.jpg 1 130 438 281 144
images/p20/8.jpg 1 235 411 153 78
images/p20/9.jpg 1 205 375 144 68
images/p20/dod1.jpg 1 26 28 189 91
images/p20/dod2.jpg 1 712 143 277 140
images/p20/dod3.jpg 1 308 229 117 58
images/p20/dod4.jpg 1 64 400 193 95
images/p20/dod5.jpg 1 81 84 316 157
images/p20/dod6.jpg 1 421 148 318 151